0.00356817245483
0.00593996047974
0.00417804718018
0.00395488739014
0.00396919250488
0.00379800796509
0.00365591049194
0.00472211837769
0.00402808189392
0.00349903106689
0.00536298751831
0.00420904159546
0.00353503227234
0.00712394714355
0.00365900993347
0.00381898880005
0.0036678314209
0.00452399253845
0.00621318817139
0.00647306442261
0.00438714027405
0.0121440887451
0.00691699981689
0.0033118724823
0.0033130645752
0.00494909286499
0.00534510612488
0.00336194038391
0.00458812713623
0.00437116622925
0.0045599937439
0.00457286834717
0.00413990020752
0.00441098213196
0.00333499908447
0.00432920455933
0.0067880153656
0.00386691093445
0.00440001487732
0.00369310379028
0.00481104850769
0.00364398956299
0.00491905212402
0.00436997413635
0.00336408615112
0.00402998924255
0.00560092926025
0.00382494926453
0.00425696372986
0.00421500205994
0.00381994247437
0.0045599937439
0.0053551197052
0.00567102432251
0.00401496887207
0.00383996963501
0.00530099868774
0.00370502471924
0.00622797012329
0.00386595726013
0.00547099113464
0.0079300403595
0.00489902496338
0.0035240650177
0.00404787063599
0.00375604629517
0.00380516052246
0.0036449432373
0.00335597991943
0.00360798835754
0.0045919418335
0.00498604774475
0.00496220588684
0.00467491149902
0.00539398193359
0.0048611164093
0.00420999526978
0.0128059387207
0.00441408157349
0.00374388694763
0.00639700889587
0.00376200675964
0.00483703613281
0.00881814956665
0.00599503517151
0.00354909896851
0.00379419326782
0.00481986999512
0.00531601905823
0.00481510162354
0.00672197341919
0.0046079158783
0.00917911529541
0.00374698638916
0.00373578071594
0.00383901596069
0.00383901596069
0.00477600097656
0.00365281105042
0.00356602668762
