0.0178728103638
0.0132129192352
0.0113849639893
0.0123670101166
0.0159850120544
0.015722990036
0.0142719745636
0.0106630325317
0.0114600658417
0.0153110027313
0.0133121013641
0.0121259689331
0.0220279693604
0.0164561271667
0.0139448642731
0.0149719715118
0.0150351524353
0.0165219306946
0.0131080150604
0.0150129795074
0.012412071228
0.0137119293213
0.0186450481415
0.0116550922394
0.0173799991608
0.0163559913635
0.013130903244
0.0160088539124
0.0122799873352
0.0173299312592
0.0200910568237
0.0172729492188
0.0114729404449
0.0167109966278
0.0137929916382
0.0121550559998
0.0129418373108
0.0127310752869
0.0141100883484
0.0170810222626
0.0126140117645
0.0156769752502
0.0169041156769
0.0154268741608
0.0155129432678
0.0122690200806
0.0158050060272
0.0141689777374
0.0184020996094
0.0179281234741
0.016979932785
0.0124480724335
0.012176990509
0.0175502300262
0.015102148056
0.0121250152588
0.0113289356232
0.0233428478241
0.0122191905975
0.0143201351166
0.0120069980621
0.0150501728058
0.0128059387207
0.0121209621429
0.0117340087891
0.0173540115356
0.0144140720367
0.0150249004364
0.0130801200867
0.0121219158173
0.0125761032104
0.0136229991913
0.0133612155914
0.0159840583801
0.0127849578857
0.0110058784485
0.0119090080261
0.0123219490051
0.0101120471954
0.0138199329376
0.0122849941254
0.011638879776
0.0152041912079
0.011974811554
0.0123679637909
0.0119979381561
0.0102460384369
0.0149610042572
0.0118501186371
0.0151128768921
0.0103490352631
0.0132350921631
0.016214132309
0.0160899162292
0.0131750106812
0.0151391029358
0.011116027832
0.0128581523895
0.0126578807831
0.0119559764862
0.00938296318054
0.00946807861328
0.00972604751587
0.0117528438568
0.00978994369507
0.0122420787811
0.00958204269409
0.00920915603638
0.0118138790131
0.00938296318054
0.0108771324158
0.00911092758179
0.00971388816833
0.00944995880127
0.00946092605591
0.0096800327301
0.00961804389954
0.0096480846405
0.00943994522095
0.00932908058167
1.05029702187
0.00951886177063
1.04538106918
