0.0154671669006
0.0167911052704
0.0197548866272
0.01988697052
0.0174298286438
0.0273430347443
0.0186231136322
0.0170819759369
0.0156860351562
0.0199379920959
0.0216388702393
0.0190601348877
0.017049074173
0.0245170593262
0.0200200080872
0.0184168815613
0.0195970535278
0.0158269405365
0.0183839797974
0.0183329582214
0.0182158946991
0.0157058238983
0.0220758914948
0.0254890918732
0.0318400859833
0.0281209945679
0.0255060195923
0.0246288776398
0.0212700366974
0.019898891449
0.0238480567932
0.0189650058746
0.0341508388519
0.0211420059204
0.0169129371643
0.0215890407562
0.0270690917969
0.0189409255981
0.0171489715576
0.0178689956665
0.0205509662628
0.0173850059509
0.0214529037476
0.0207469463348
0.017963886261
0.0202748775482
0.0228519439697
0.020082950592
0.0182359218597
0.0208060741425
0.0218100547791
0.0164511203766
0.0217049121857
0.0229589939117
0.0190539360046
0.0186660289764
0.0196211338043
0.0165071487427
0.0171110630035
0.0315821170807
0.0209238529205
0.0310251712799
0.0295679569244
0.0238790512085
0.0191240310669
0.0191879272461
0.0221810340881
0.0260190963745
0.0272920131683
0.0207169055939
0.0241351127625
0.0185751914978
0.0172128677368
0.0188879966736
0.0217580795288
0.0208859443665
0.0223729610443
0.0187220573425
0.0204501152039
0.021900177002
0.0202150344849
0.0202169418335
0.0212540626526
0.016391992569
0.0189981460571
0.021880865097
0.0191340446472
0.0173530578613
0.021103143692
0.0236389636993
0.0177218914032
0.0212249755859
0.0206038951874
0.0199661254883
0.0213890075684
0.0213661193848
0.019898891449
0.0189220905304
0.0213429927826
0.031886100769
