0.0022599697113
0.00227785110474
0.00233292579651
0.00216603279114
0.00244283676147
0.00247406959534
0.00256991386414
0.00408792495728
0.0028350353241
0.00225400924683
0.00238108634949
0.00279307365417
0.00229597091675
0.00211095809937
0.00226092338562
0.00213718414307
0.00222110748291
0.00211501121521
0.00231790542603
0.00207185745239
0.00223922729492
0.00228118896484
0.00209403038025
0.00244283676147
0.00437712669373
0.00416398048401
0.00224018096924
0.00228404998779
0.00216794013977
0.00228309631348
0.00221300125122
0.00264692306519
0.0024561882019
0.00230693817139
0.00397205352783
0.00246119499207
0.00226998329163
0.00223278999329
0.0024790763855
0.00287985801697
0.00497102737427
0.00530505180359
0.0026068687439
0.00217795372009
0.00222086906433
0.00219798088074
0.0022931098938
0.00237917900085
0.00209093093872
0.00238108634949
0.00233507156372
0.0021378993988
0.00215411186218
0.00226807594299
0.00222110748291
0.00219392776489
0.00231099128723
0.00219583511353
0.00211095809937
0.0021870136261
0.00221800804138
0.0021800994873
0.00214290618896
0.0024688243866
0.00211811065674
0.00224184989929
0.00216221809387
0.00215697288513
0.00215578079224
0.00239706039429
0.0022349357605
0.00242018699646
0.0026159286499
0.00222396850586
0.00223302841187
0.00229215621948
0.00392293930054
0.00232076644897
0.0071280002594
0.00259304046631
0.00363302230835
0.00233197212219
0.00244808197021
0.0024881362915
0.00299191474915
0.00311899185181
0.00253891944885
0.0032799243927
0.00316715240479
0.00258588790894
0.00231003761292
0.00383186340332
0.00252199172974
0.00262713432312
0.00265407562256
0.00266599655151
0.00385403633118
0.00280094146729
0.00230503082275
0.0026798248291
0.00243091583252
