0.0127170085907
0.014543056488
0.0181679725647
0.0142428874969
0.0123541355133
0.0122830867767
0.0126419067383
0.0111219882965
0.0127940177917
0.0100600719452
0.010665178299
0.0124480724335
0.0110349655151
0.0131919384003
0.010213136673
0.0123589038849
0.0150990486145
0.0113730430603
0.0104079246521
0.0111320018768
0.0121099948883
0.0126008987427
0.0126299858093
0.0121550559998
0.0100200176239
0.0132229328156
0.0111989974976
0.0113198757172
0.0105180740356
0.0116310119629
0.00935506820679
0.0126371383667
0.0118758678436
0.0154399871826
0.0142459869385
0.0142090320587
0.0115079879761
0.0105721950531
0.013011932373
0.0126090049744
0.0123620033264
0.0122561454773
0.0114109516144
0.0103847980499
0.011782169342
0.0110540390015
0.0135970115662
0.0128040313721
0.0119581222534
0.0148530006409
0.0130391120911
0.0116999149323
0.0142769813538
0.0145649909973
0.0127141475677
0.0128591060638
0.0116999149323
0.0106461048126
0.0116181373596
0.0128300189972
0.0155520439148
0.0118768215179
0.0192329883575
0.0163650512695
0.0129170417786
0.0100951194763
0.0106911659241
0.0135970115662
0.0122239589691
0.0169789791107
0.0127248764038
0.0236711502075
0.0130429267883
0.0109469890594
0.0112190246582
0.0106198787689
0.0114188194275
0.0135838985443
0.013904094696
0.0129969120026
0.0115919113159
0.013277053833
0.0123791694641
0.0161380767822
0.0146250724792
0.0123059749603
0.0123980045319
0.0105860233307
0.0160660743713
0.0163869857788
0.0171511173248
0.0178401470184
0.0156109333038
0.0104999542236
0.0110418796539
0.0106821060181
0.0121130943298
0.0141448974609
0.0128400325775
0.0164339542389
