0.00622701644897
0.0100259780884
0.0076220035553
0.0107028484344
0.00629711151123
0.00636601448059
0.0110640525818
0.00898289680481
0.0078010559082
0.00760984420776
0.00769305229187
0.0126440525055
0.0176999568939
0.0147919654846
0.0190370082855
0.011589050293
0.00829005241394
0.0140099525452
0.0101389884949
0.00867295265198
0.0101399421692
0.0153160095215
0.010794878006
0.00760316848755
0.0146880149841
0.00997996330261
0.00726890563965
0.00810480117798
0.0153639316559
0.0117628574371
0.010185956955
0.0152530670166
0.0130939483643
0.0150229930878
0.00954508781433
0.00726008415222
0.00915694236755
0.015900850296
0.00875997543335
0.0095751285553
0.0125908851624
0.0121819972992
0.0180721282959
0.0216419696808
0.0132439136505
0.00611114501953
0.00912308692932
0.00900483131409
0.0121650695801
0.0137169361115
0.00638890266418
0.00777006149292
0.00929498672485
0.0106301307678
0.00787401199341
0.0138280391693
0.0118298530579
0.00925898551941
0.00981593132019
0.0142021179199
0.0148408412933
0.00623989105225
0.0154418945312
0.0137238502502
0.00969195365906
0.00681686401367
0.00952482223511
0.00990605354309
0.00863480567932
0.00894117355347
0.0145039558411
0.00686097145081
0.0120139122009
0.00622391700745
0.00916814804077
0.0090799331665
0.0106308460236
0.0142469406128
0.00705099105835
0.0129389762878
0.00828003883362
0.0159060955048
0.00920605659485
0.0105631351471
0.0090069770813
0.0183091163635
0.0158841609955
0.009840965271
0.00638794898987
0.0190939903259
0.00756597518921
0.021103143692
0.0078649520874
0.00955486297607
0.01194190979
0.00547504425049
0.00586581230164
0.00812911987305
0.0103979110718
0.00862717628479
0.00649690628052
0.00551295280457
0.00610113143921
0.00632810592651
0.00580286979675
0.00712108612061
0.00650000572205
0.0057008266449
0.00583291053772
0.00590300559998
0.00596117973328
0.00601100921631
0.00592017173767
0.00558304786682
0.00609016418457
1.03040218353
0.00598192214966
0.00637483596802
0.00575113296509
0.00621700286865
0.00697207450867
0.00827813148499
0.00562715530396
0.0058319568634
0.00575399398804
0.00601410865784
0.00593113899231
0.00596594810486
0.00572919845581
0.00578689575195
0.00618004798889
