0.0044469833374
0.00609183311462
0.00751805305481
0.00524187088013
0.00526094436646
0.00837206840515
0.00505614280701
0.00612783432007
0.00736498832703
0.00473594665527
0.0051109790802
0.0127148628235
0.00486278533936
0.00626707077026
0.00749707221985
0.00759792327881
0.00782108306885
0.00513911247253
0.0052661895752
0.00553297996521
0.00736784934998
0.00789499282837
0.00559091567993
0.00521516799927
0.0062050819397
0.00516819953918
0.00477600097656
0.00484085083008
0.00724196434021
0.0049159526825
0.00880193710327
0.00607919692993
0.00622987747192
0.00743508338928
0.00470900535583
0.00829911231995
0.00826406478882
0.00532793998718
0.00649189949036
0.00687789916992
0.00490093231201
0.00839495658875
0.00530695915222
0.00508284568787
0.00551509857178
0.00664520263672
0.00541400909424
0.00671195983887
0.00570297241211
0.00525808334351
0.00509905815125
0.00505185127258
0.00679492950439
0.00514006614685
0.0111289024353
0.0119380950928
0.0050950050354
0.00534701347351
0.00466299057007
0.00535297393799
0.00884294509888
0.00495100021362
0.00640201568604
0.00764799118042
0.00780701637268
0.00673198699951
0.0167558193207
0.0051691532135
0.0105261802673
0.00703907012939
0.00732398033142
0.00525093078613
0.00756192207336
0.00519990921021
0.00477600097656
0.00473618507385
0.00509405136108
0.00485706329346
0.00506186485291
0.00850200653076
0.0052809715271
0.0063169002533
0.00638198852539
0.00555992126465
0.00809502601624
0.00686597824097
0.0069591999054
0.00806593894958
0.00540494918823
0.00638794898987
0.00751900672913
0.00652813911438
0.00482678413391
0.00557208061218
0.00728106498718
0.0064709186554
0.00542521476746
0.00616812705994
0.00475192070007
0.00511193275452
0.00679302215576
0.00420999526978
1.02148485184
0.00472402572632
0.00475907325745
0.00470089912415
0.00479698181152
0.004634141922
0.00457096099854
0.0054759979248
0.00631999969482
0.00635004043579
0.00452995300293
0.00545716285706
0.00462698936462
0.00474095344543
0.00698614120483
0.00454902648926
0.00671792030334
0.00572395324707
0.00889205932617
0.00898098945618
0.00543904304504
0.0047869682312
0.00458002090454
0.00467491149902
0.00514602661133
0.00480484962463
0.0046911239624
0.00490093231201
0.00674104690552
0.00588202476501
0.00643801689148
0.00448393821716
0.00509190559387
0.00729203224182
0.00442695617676
0.00945401191711
