0.0193901062012
0.0181839466095
0.0175268650055
0.0207049846649
0.0151150226593
0.0160751342773
0.0152380466461
0.0140819549561
0.0189321041107
0.0203320980072
0.0198800563812
0.0155217647552
0.0188300609589
0.0143029689789
0.0186381340027
0.0216150283813
0.0214080810547
0.0175368785858
0.0145149230957
0.0144579410553
0.01358294487
0.017462015152
0.0152161121368
0.017655134201
0.0231380462646
0.016282081604
0.0180850028992
0.0139610767365
0.0166280269623
0.0189001560211
0.0180010795593
0.0226421356201
0.0179979801178
0.0142688751221
0.0190060138702
0.0174248218536
0.0164091587067
0.0159640312195
0.0173451900482
0.0173749923706
0.0143141746521
0.0175178050995
0.0172629356384
0.014447927475
0.0141890048981
0.0164740085602
0.0176129341125
0.0156919956207
0.0172779560089
0.0184400081635
0.0142440795898
0.0168318748474
0.0140981674194
0.0157709121704
0.0171248912811
0.018040895462
0.0207250118256
0.0204181671143
0.0203671455383
0.022537946701
0.019052028656
0.0195438861847
0.0171959400177
0.0211441516876
0.0158059597015
0.0154509544373
0.0142788887024
0.0144240856171
0.0196161270142
0.0197191238403
0.0170660018921
0.0191071033478
0.01571393013
0.0158569812775
0.014965057373
0.0168149471283
0.0173017978668
0.0195779800415
0.018709897995
0.0167419910431
0.0167138576508
0.0157780647278
0.0203909873962
0.0164439678192
0.0185039043427
0.015545129776
0.017422914505
0.0216300487518
0.014955997467
0.0173649787903
0.0159480571747
0.0175030231476
0.0188691616058
0.0188431739807
0.0166249275208
0.019679069519
0.0200870037079
0.0199420452118
0.016951084137
0.017373085022
0.0154678821564
1.04603815079
0.0140211582184
1.04781198502
0.0135700702667
0.0157191753387
0.0164268016815
0.0139219760895
0.0133349895477
0.0184199810028
1.02969193459
0.0126950740814
0.013307094574
1.05039405823
0.0170240402222
0.0165359973907
1.05064105988
0.0131289958954
