0.0148618221283
0.0124039649963
0.0140910148621
0.0127761363983
0.0124950408936
0.013808965683
0.0158829689026
0.0134859085083
0.014219045639
0.0130739212036
0.0131001472473
0.0135350227356
0.0159831047058
0.0175030231476
0.0139899253845
0.0139989852905
0.0163650512695
0.0124430656433
0.0130980014801
0.0128788948059
0.0178318023682
0.0141780376434
0.0160348415375
0.0217349529266
0.0131220817566
0.0157949924469
0.0135719776154
0.0139229297638
0.0134220123291
0.0156979560852
0.0176808834076
0.0143270492554
0.0156259536743
0.0162229537964
0.0160849094391
0.0137820243835
0.0138449668884
0.0163660049438
0.0161039829254
0.0153260231018
0.0152568817139
0.0139071941376
0.0161101818085
0.0136468410492
0.0130000114441
0.0115611553192
0.0180599689484
0.0121591091156
0.0156171321869
0.0170857906342
0.0132570266724
0.0171849727631
0.0139179229736
0.0152668952942
0.0175750255585
0.0168039798737
0.0133800506592
0.0158638954163
0.0161180496216
0.019082069397
0.0194618701935
0.0135228633881
0.0164449214935
0.0148630142212
0.0164129734039
0.0144011974335
0.0194730758667
0.0154139995575
0.0155429840088
0.019996881485
0.020742893219
0.0171110630035
0.018052816391
0.0193271636963
0.0205879211426
0.0158619880676
0.0151770114899
0.0130379199982
0.0151300430298
0.0116078853607
0.0134038925171
0.0191431045532
0.0142118930817
0.0142879486084
0.0159049034119
0.0180110931396
0.0153000354767
0.0156509876251
0.0158088207245
0.0180490016937
0.0173699855804
0.0200788974762
0.0162079334259
0.0170559883118
0.0152978897095
0.0145871639252
0.0148990154266
0.0130479335785
0.0141079425812
0.0154988765717
0.0108139514923
0.0114209651947
0.0104389190674
0.0106680393219
0.0108270645142
0.01203083992
0.0112869739532
0.0108368396759
0.0107429027557
0.0111749172211
0.0105218887329
0.0107700824738
0.0121438503265
0.0124340057373
0.0109260082245
1.03769993782
0.0105240345001
0.0124950408936
0.0115480422974
0.0109221935272
0.0121359825134
0.0104339122772
0.0108342170715
0.0108749866486
