0.0239880084991
0.0191049575806
0.0183320045471
0.0198638439178
0.0174648761749
0.0242490768433
0.0137078762054
0.017138004303
0.0169727802277
0.0226101875305
0.0194230079651
0.021625995636
0.0184409618378
0.0211350917816
0.0201418399811
0.020947933197
0.0173759460449
0.0165860652924
0.0132231712341
0.0153110027313
0.0133459568024
0.0158059597015
0.0154659748077
0.0181641578674
0.0177528858185
0.016117811203
0.0203540325165
0.0170738697052
0.0180990695953
0.0185000896454
0.0175228118896
0.0168349742889
0.017657995224
0.0166041851044
0.0202949047089
0.0142829418182
0.0179309844971
0.0161550045013
0.0134170055389
0.0188329219818
0.0155432224274
0.0143551826477
0.019590139389
0.0176548957825
0.019063949585
0.0148739814758
0.0144639015198
0.0166308879852
0.0130138397217
0.0153179168701
0.0133929252625
0.0176858901978
0.0145370960236
0.0188698768616
0.0138490200043
0.0129630565643
0.0174050331116
0.0127589702606
0.0161440372467
0.0169320106506
0.0175747871399
0.0157017707825
0.0195031166077
0.0143921375275
0.0143690109253
0.0156528949738
0.0194711685181
0.0172960758209
0.0159060955048
0.0181360244751
0.0147080421448
0.0182509422302
0.0163049697876
0.0134210586548
0.0141398906708
0.0214569568634
0.0162470340729
0.0177049636841
0.0168130397797
0.0227530002594
0.0174720287323
0.0155580043793
0.0171220302582
0.0171148777008
0.017040014267
0.014083147049
0.0161190032959
0.0169429779053
0.0139150619507
0.0130372047424
0.0138509273529
0.0181679725647
0.0200588703156
0.0157761573792
0.0135679244995
0.0152549743652
0.0127809047699
0.0163190364838
0.0176231861115
0.0196640491486
