0.00841403007507
0.0108420848846
0.0116448402405
0.0143280029297
0.00896787643433
0.0169620513916
0.0103659629822
0.0200228691101
0.0126240253448
0.00952291488647
0.0116899013519
0.0111320018768
0.0135788917542
0.0108540058136
0.0115220546722
0.00815200805664
0.0143599510193
0.0107400417328
0.00972104072571
0.0119159221649
0.00929403305054
0.0139420032501
0.0107669830322
0.0121879577637
0.0142431259155
0.0093629360199
0.0103800296783
0.0106999874115
0.0138549804688
0.0124258995056
0.0123100280762
0.00833296775818
0.0142250061035
0.0136771202087
0.0156910419464
0.010712146759
0.0122678279877
0.0130338668823
0.0123970508575
0.0127010345459
0.0126090049744
0.012020111084
0.0119428634644
0.0157558917999
0.0107700824738
0.0106921195984
0.013720035553
0.0142397880554
0.00802898406982
0.0128879547119
0.0122108459473
0.0100791454315
0.0111351013184
0.00995492935181
0.0118131637573
0.0106410980225
0.0101928710938
0.0108449459076
0.0108571052551
0.0113570690155
0.00979518890381
0.00877690315247
0.0116679668427
0.00835084915161
0.0120928287506
0.0161671638489
0.0240409374237
0.0113859176636
0.0119891166687
0.0101890563965
0.0114448070526
0.0101220607758
0.0103600025177
0.0127530097961
0.0121750831604
0.0132539272308
0.0154309272766
0.0116059780121
0.00997090339661
0.0123591423035
0.0101201534271
0.0107729434967
0.0140988826752
0.0103960037231
0.0208661556244
0.0125789642334
0.0121510028839
0.0139679908752
0.00860214233398
0.0123119354248
0.0150229930878
0.0102369785309
0.0104329586029
0.0140690803528
0.017128944397
0.0144391059875
0.0120649337769
0.0115418434143
0.0131947994232
0.0168080329895
0.00951719284058
0.0070629119873
0.00869989395142
0.0072078704834
0.00717711448669
0.00757217407227
0.00732493400574
0.00789380073547
0.0070481300354
0.00730204582214
0.00686287879944
0.00681400299072
0.00719094276428
0.00701498985291
0.00992894172668
0.0123329162598
0.00752997398376
0.00719618797302
0.00751686096191
0.0069591999054
0.00705695152283
0.00780320167542
0.00834393501282
0.00737500190735
0.00933885574341
0.00690603256226
0.00703811645508
0.00690388679504
0.00673794746399
0.00759196281433
0.0100789070129
