0.0347099304199
0.0420291423798
0.0317158699036
0.0354609489441
0.0382809638977
0.0425870418549
0.0428061485291
0.0402600765228
0.0372760295868
0.038959980011
0.0450909137726
0.0343260765076
0.0358800888062
0.0386781692505
0.0338959693909
0.0393829345703
0.0467851161957
0.0465290546417
0.0429439544678
0.049929857254
0.0414271354675
0.0366730690002
0.0438499450684
0.0410299301147
0.047966003418
0.052542924881
0.0483660697937
0.058454990387
0.0495100021362
0.0353059768677
0.0447809696198
0.0434319972992
0.0613989830017
0.0406429767609
0.0384750366211
0.0529849529266
0.049889087677
0.0355310440063
0.0387880802155
0.0362129211426
0.0417301654816
0.0413858890533
0.0426919460297
0.0460059642792
0.0529310703278
0.0375549793243
0.0509338378906
0.0395390987396
0.0515220165253
0.0507118701935
0.0418620109558
0.0355439186096
0.0395720005035
0.0343978404999
0.0437581539154
0.0390410423279
0.0398631095886
0.0406601428986
0.0380051136017
0.0647339820862
0.0370121002197
0.0495738983154
0.0513830184937
0.0499498844147
0.046138048172
0.0357661247253
0.0459110736847
0.0469319820404
0.0546569824219
0.0365681648254
0.0388929843903
0.0405080318451
0.0446920394897
0.0452229976654
0.0452129840851
0.0392458438873
0.0442728996277
0.0364668369293
0.0423619747162
0.0404739379883
0.0464398860931
0.0429410934448
0.0466129779816
0.0391938686371
0.0385830402374
0.0345718860626
0.0397870540619
0.0380671024323
0.0405669212341
0.0384259223938
0.0393099784851
0.0331358909607
0.0370540618896
0.0415511131287
0.0380909442902
0.0498130321503
0.0482940673828
0.0393409729004
0.0512959957123
0.0457880496979
