0.0227079391479
0.0186009407043
0.0192589759827
0.021586894989
0.0182290077209
0.0248069763184
0.0195949077606
0.0170021057129
0.0162761211395
0.0181181430817
0.0194530487061
0.030928850174
0.021665096283
0.0183100700378
0.0234379768372
0.0182020664215
0.019800901413
0.0200371742249
0.0201680660248
0.0195260047913
0.019711971283
0.0222082138062
0.0185899734497
0.0237460136414
0.0199820995331
0.0178050994873
0.0184199810028
0.0187630653381
0.0271430015564
0.0266540050507
0.0286428928375
0.0178501605988
0.0173990726471
0.0182731151581
0.0174670219421
0.0303590297699
0.0184168815613
0.0341989994049
0.0208139419556
0.0182480812073
0.0209200382233
0.0211219787598
0.0186920166016
0.0206849575043
0.0179200172424
0.0169892311096
0.0181970596313
0.0209679603577
0.020112991333
0.0196950435638
0.0199110507965
0.0179669857025
0.0180449485779
0.0233120918274
0.0383410453796
0.0506131649017
0.0192589759827
0.0189170837402
0.0185859203339
0.0192639827728
0.0244181156158
0.0381910800934
0.0194849967957
0.0362348556519
0.0319550037384
0.0221259593964
0.0351510047913
0.0209131240845
0.0247631072998
0.0170850753784
0.0203030109406
0.0192880630493
0.0198419094086
0.0186362266541
0.0184860229492
0.0167489051819
0.0196590423584
0.0198910236359
0.0194149017334
0.0221478939056
0.018294095993
0.0184998512268
0.0221788883209
0.0190830230713
0.0196399688721
0.0174939632416
0.020604133606
0.0207650661469
0.0205700397491
0.0218989849091
0.020357131958
0.0170140266418
0.0197288990021
0.0188059806824
0.0183370113373
0.0205519199371
0.0204408168793
0.0199041366577
0.0187168121338
0.018618106842
0.0242969989777
0.0232479572296
0.0167939662933
0.0178940296173
0.0168039798737
0.0174329280853
0.018177986145
0.016056060791
0.0194008350372
0.0198681354523
0.0215599536896
0.0184001922607
0.0225880146027
0.0183920860291
0.017462015152
0.0212419033051
0.0193569660187
0.0212709903717
0.021625995636
0.023736000061
0.0217859745026
0.0194611549377
0.0165190696716
0.019161939621
0.0198798179626
0.0242390632629
0.0213150978088
0.017215013504
0.0244629383087
0.021427154541
0.0234270095825
0.0184781551361
0.0247919559479
0.0222251415253
0.0222570896149
0.0217940807343
0.0163979530334
