0.0388870239258
0.0336501598358
0.0446028709412
0.0366339683533
0.0397970676422
0.0346040725708
0.0336241722107
0.0401802062988
0.0438768863678
0.0391199588776
0.0397369861603
0.0333840847015
0.0401780605316
0.0385479927063
0.0409832000732
0.0457508563995
0.0404479503632
0.0339438915253
0.0354068279266
0.0370140075684
0.0321669578552
0.036544084549
0.0363819599152
0.0393569469452
0.0356161594391
0.0352659225464
0.0408229827881
0.0377488136292
0.0343241691589
0.0415360927582
0.0426568984985
0.0419018268585
0.0352709293365
0.0371000766754
0.0297000408173
0.0354149341583
0.0363790988922
0.0336339473724
0.030580997467
0.0315120220184
0.0405750274658
0.0312581062317
0.0344829559326
0.0364789962769
0.0360109806061
0.0341849327087
0.0314040184021
0.0310308933258
0.0339391231537
0.036453962326
0.0336859226227
0.0353150367737
0.0336577892303
0.0363969802856
0.0386140346527
0.0391941070557
0.0362179279327
0.0316588878632
0.0291450023651
0.0375399589539
0.0329911708832
0.0427398681641
0.036906003952
0.0358021259308
0.0381639003754
0.0330770015717
0.0370380878448
0.0348200798035
0.0348818302155
0.0376868247986
0.0390989780426
0.0365719795227
0.032665014267
0.0367748737335
0.0367560386658
0.0408279895782
0.0301308631897
0.0295279026031
0.0369238853455
0.0360250473022
0.0357251167297
0.0340890884399
0.0367920398712
0.0310850143433
0.0358338356018
0.0327038764954
0.0342190265656
0.0325639247894
0.0327589511871
0.0331239700317
0.0384368896484
0.0428819656372
0.0327169895172
0.033548116684
0.0351870059967
0.0325388908386
0.0312321186066
0.0357758998871
0.03679895401
0.0332939624786
