0.0251989364624
0.0298750400543
0.0320608615875
0.0312650203705
0.0484280586243
0.032331943512
0.0324659347534
0.0387148857117
0.031368970871
0.0365390777588
0.0306351184845
0.0338468551636
0.0373430252075
0.0399649143219
0.035267829895
0.046403169632
0.0345540046692
0.0479900836945
0.0376238822937
0.0329561233521
0.0310249328613
0.0396618843079
0.0372388362885
0.0305728912354
0.0396950244904
0.0342409610748
0.0350871086121
0.0333380699158
0.0337669849396
0.0492820739746
0.0395510196686
0.042268037796
0.0337069034576
0.0285289287567
0.0273239612579
0.0315179824829
0.0263619422913
0.0298781394958
0.0299201011658
0.0284278392792
0.0321910381317
0.0297758579254
0.0369391441345
0.0347769260406
0.0299360752106
0.031720161438
0.0376100540161
0.0388369560242
0.0468721389771
0.0435950756073
0.0370559692383
0.0292840003967
0.0252170562744
0.0356230735779
0.0327758789062
0.0291168689728
0.0318901538849
0.0331399440765
0.029098033905
0.0332930088043
0.0296020507812
0.0298080444336
0.03125
0.0336649417877
0.0280799865723
0.0290009975433
0.030928850174
0.0304040908813
0.0314159393311
0.0314400196075
0.0301399230957
0.029464006424
0.0288271903992
0.0279550552368
0.0334250926971
0.0289549827576
0.0299661159515
0.0315198898315
0.028783082962
0.0348699092865
0.0268759727478
0.0295660495758
0.0276761054993
0.0310809612274
0.0278611183167
0.028755903244
0.0263180732727
0.0287280082703
0.0277719497681
0.0329411029816
0.0313601493835
0.0320429801941
0.0268890857697
0.0310909748077
0.0282218456268
0.0266981124878
0.0330829620361
0.0277540683746
0.0297379493713
0.032634973526
