0.0259101390839
0.0318500995636
0.0286159515381
0.0236158370972
0.034686088562
0.0193169116974
0.0281121730804
0.028608083725
0.0277960300446
0.0225989818573
0.0362269878387
0.0566568374634
0.0448288917542
0.0328600406647
0.0380859375
0.0219719409943
0.0244059562683
0.0318830013275
0.0228478908539
0.0337707996368
0.0276830196381
0.0237789154053
0.0273389816284
0.026869058609
0.0309371948242
0.0198838710785
0.0373589992523
0.0257151126862
0.0329620838165
0.0243039131165
0.02281498909
0.0358588695526
0.0230870246887
0.0292770862579
0.0271999835968
0.0292201042175
0.0250771045685
0.0303649902344
0.0221750736237
0.0274319648743
0.0239911079407
0.0263438224792
0.0263719558716
0.0268211364746
0.0287439823151
0.0269849300385
0.031172990799
0.0340120792389
0.0225820541382
0.0260429382324
0.0267639160156
0.0219180583954
0.028883934021
0.0284199714661
0.0273449420929
0.0315339565277
0.0276818275452
0.037369966507
0.0440990924835
0.0288920402527
0.0240290164948
0.0266778469086
0.0298399925232
0.0316231250763
0.0204050540924
0.0296430587769
0.0245130062103
0.0263860225677
0.0270299911499
0.0294108390808
0.0237028598785
0.027801990509
0.0289859771729
0.0328981876373
0.0256969928741
0.0273089408875
0.0221910476685
0.0334379673004
0.0253911018372
0.0227138996124
0.0436861515045
0.0336170196533
0.0300052165985
0.0265431404114
0.0223729610443
0.0289659500122
0.0320789813995
0.0251240730286
0.0254130363464
0.0387799739838
0.0289030075073
0.0353329181671
0.0283529758453
0.0239198207855
0.0246341228485
0.0212950706482
0.024435043335
0.0298790931702
0.0281250476837
0.030905008316
0.0208129882812
0.0193531513214
0.0227649211884
0.019326210022
0.0213449001312
0.0222618579865
0.0213449001312
0.0212998390198
0.021094083786
0.0217108726501
0.0226531028748
0.0201539993286
0.0221529006958
0.0255780220032
0.0188739299774
0.0205059051514
0.0214130878448
0.0204291343689
0.0189678668976
0.0225310325623
0.0298519134521
0.0192041397095
0.0222260951996
0.0191609859467
0.0223300457001
0.023989200592
0.0225250720978
0.0204651355743
0.0213007926941
0.022812128067
