0.0427298545837
0.0385119915009
0.0439720153809
0.038978099823
0.0370678901672
0.0390107631683
0.0345001220703
0.0374879837036
0.0407791137695
0.0393161773682
0.0495660305023
0.0467381477356
0.046110868454
0.03475689888
0.0416529178619
0.0355980396271
0.0297830104828
0.035532951355
0.0337760448456
0.0392069816589
0.0382068157196
0.0353200435638
0.037652015686
0.0396928787231
0.0574140548706
0.0385479927063
0.0320701599121
0.0391070842743
0.0346150398254
0.0410799980164
0.0440149307251
0.037073135376
0.0423147678375
0.0363700389862
0.0374410152435
0.0378539562225
0.0375299453735
0.0341579914093
0.040097951889
0.0374209880829
0.0345010757446
0.0383570194244
0.0349950790405
0.036493062973
0.0326020717621
0.0443770885468
0.0405340194702
0.0345749855042
0.0348057746887
0.0353481769562
0.0379631519318
0.0343749523163
0.0366189479828
0.0399470329285
0.0384290218353
0.0360779762268
0.0368061065674
0.0344400405884
0.0300989151001
0.0328879356384
0.034432888031
0.0401549339294
0.0310769081116
0.0423939228058
0.0367348194122
0.0337271690369
0.034166097641
0.0345079898834
0.0458841323853
0.0367650985718
0.0399179458618
0.0389239788055
0.0330519676208
0.03679895401
0.0430130958557
0.0376570224762
0.0332288742065
0.0343089103699
0.0467140674591
0.0437679290771
0.0340149402618
0.0393838882446
0.037474155426
0.0367360115051
0.0373380184174
0.0405550003052
0.0353558063507
0.0454070568085
0.0312280654907
0.0461809635162
0.0395839214325
0.0423269271851
0.0344190597534
0.0324630737305
0.0326189994812
0.0377349853516
0.0375301837921
0.035248041153
0.0309908390045
0.0425038337708
0.0352048873901
0.0394721031189
0.035737991333
0.0453608036041
0.0405330657959
0.0356829166412
0.0431849956512
0.0323059558868
0.0334501266479
0.0766320228577
0.0428149700165
0.0371990203857
0.0452098846436
0.0349419116974
0.0421829223633
