0.0341520309448
0.0312588214874
0.0328500270844
0.0348219871521
0.0290501117706
0.0348079204559
0.0344979763031
0.031858921051
0.0287089347839
0.0312728881836
0.030748128891
0.0306890010834
0.0347051620483
0.0403709411621
0.030613899231
0.0352518558502
0.0312650203705
0.0315270423889
0.0306448936462
0.0322849750519
0.0403180122375
0.030501127243
0.0367410182953
0.0349299907684
0.0310101509094
0.0291149616241
0.0336380004883
0.0324749946594
0.0287029743195
0.033499956131
0.0392160415649
0.03093791008
0.0315189361572
0.0368118286133
0.0333528518677
0.0348868370056
0.0346918106079
0.0352249145508
0.039538860321
0.0301039218903
0.0340960025787
0.0468151569366
0.0376081466675
0.0325260162354
0.0294489860535
0.0337600708008
0.0358419418335
0.0329849720001
0.0328190326691
0.0414259433746
0.0326271057129
0.0360219478607
0.0319609642029
0.034784078598
0.0387179851532
0.0297610759735
0.0319480895996
0.0311419963837
0.038852930069
0.0396010875702
0.0322442054749
0.0271461009979
0.028913974762
0.0319850444794
0.0342237949371
0.0384609699249
0.0408179759979
0.0343441963196
0.0278720855713
0.037887096405
0.0372791290283
0.0331430435181
0.0335009098053
0.03151512146
0.0368931293488
0.0349519252777
0.0423629283905
0.0297439098358
0.034588098526
0.03297996521
0.0313110351562
0.042209148407
0.0321490764618
0.031613111496
0.0364010334015
0.0288619995117
0.028048992157
0.0344970226288
0.032564163208
0.0367419719696
0.0304260253906
0.0354120731354
0.0387918949127
0.0340659618378
0.033686876297
0.0289959907532
0.0340042114258
0.034019947052
0.0382399559021
0.0351438522339
