0.0229771137238
0.0187890529633
0.0152950286865
0.0159361362457
0.0166788101196
0.0165681838989
0.0165479183197
0.0201170444489
0.0164611339569
0.0161991119385
0.0164530277252
0.0181601047516
0.0160908699036
0.019572019577
0.0177500247955
0.0210340023041
0.014662027359
0.0280311107635
0.017735004425
0.0241260528564
0.0174369812012
0.025493144989
0.0241529941559
0.0160350799561
0.0150039196014
0.0205628871918
0.0177690982819
0.0148868560791
0.0207588672638
0.021036863327
0.0161600112915
0.0167589187622
0.0153629779816
0.0163390636444
0.0146770477295
0.016273021698
0.018355846405
0.0149540901184
0.0196249485016
0.0165660381317
0.0202949047089
0.0150330066681
0.018294095993
0.0165610313416
0.0163338184357
0.0162811279297
0.0155069828033
0.0170547962189
0.0195150375366
0.0148410797119
0.0147709846497
0.0147480964661
0.0205509662628
0.0153520107269
0.0144300460815
0.0174829959869
0.0262558460236
0.0158169269562
0.0171349048615
0.016163110733
0.0150620937347
0.0204229354858
0.0163769721985
0.0145969390869
0.0177309513092
0.0174810886383
0.0139908790588
0.0223870277405
0.0162651538849
0.0184497833252
0.018091917038
0.0171549320221
0.0191750526428
0.0157339572906
0.0196788311005
0.0212500095367
0.0159199237823
0.0191338062286
0.017951965332
0.016252040863
0.0193748474121
0.0150799751282
0.0197651386261
0.0177540779114
0.0152139663696
0.0162920951843
0.0150260925293
0.0186049938202
0.0349020957947
0.0184938907623
0.0163161754608
0.0155260562897
0.0202491283417
0.0134770870209
0.0188908576965
0.0183219909668
0.0168490409851
0.0176620483398
0.0225260257721
0.0199718475342
