0.0274579524994
0.0242400169373
0.023414850235
0.031839132309
0.0298659801483
0.0241310596466
0.030464887619
0.0365369319916
0.0321080684662
0.0351650714874
0.0305318832397
0.0301911830902
0.0317828655243
0.0227520465851
0.0243139266968
0.033401966095
0.0309190750122
0.0257091522217
0.0269331932068
0.0268518924713
0.022351026535
0.0291221141815
0.0276918411255
0.0282809734344
0.0362968444824
0.0268230438232
0.0321547985077
0.0320959091187
0.0375127792358
0.0276689529419
0.0279588699341
0.0257968902588
0.0377950668335
0.0328710079193
0.0329449176788
0.0320839881897
0.0333189964294
0.0294659137726
0.0278608798981
0.0356738567352
0.0268409252167
0.0266211032867
0.0308518409729
0.0257999897003
0.0279130935669
0.0308358669281
0.0309090614319
0.029000043869
0.0268409252167
0.0275549888611
0.0332548618317
0.0240669250488
0.0297269821167
0.0304720401764
0.0338549613953
0.026850938797
0.0307660102844
0.0320661067963
0.0362689495087
0.0364990234375
0.0263938903809
0.0437560081482
0.0417718887329
0.0258860588074
0.031485080719
0.0294618606567
0.0384352207184
0.0298080444336
0.0359179973602
0.0343890190125
0.0307838916779
0.0335218906403
0.0307879447937
0.0266370773315
0.0306820869446
0.0266709327698
0.0234138965607
0.0245540142059
0.0280292034149
0.0305850505829
0.0318059921265
0.0263469219208
0.0376949310303
0.0319321155548
0.0381541252136
0.0275678634644
0.0312738418579
0.0335290431976
0.0313279628754
0.0311808586121
0.033411026001
0.0266599655151
0.0325288772583
0.0331020355225
0.0330109596252
0.0345981121063
0.0280270576477
0.0237598419189
0.0280649662018
0.0275268554688
0.0262401103973
0.0265009403229
0.0229568481445
0.0225710868835
0.0263879299164
0.0286178588867
0.0223169326782
0.0265891551971
0.022157907486
0.0205850601196
0.0251729488373
0.0207719802856
0.0254580974579
0.0253977775574
0.0351459980011
0.0325050354004
0.0222308635712
0.0262939929962
0.0242137908936
0.0271089076996
0.022794008255
0.0342969894409
0.0231928825378
0.0261399745941
0.0305280685425
0.0241050720215
0.0256118774414
0.0242800712585
0.0215899944305
0.0238900184631
0.0289537906647
