0.0302200317383
0.0358779430389
0.0305480957031
0.0319859981537
0.0334601402283
0.0304911136627
0.0264790058136
0.0325129032135
0.0269000530243
0.0326840877533
0.032742023468
0.0259079933167
0.0307559967041
0.0322539806366
0.0296428203583
0.0292370319366
0.0267059803009
0.0287821292877
0.0298390388489
0.0286958217621
0.0275180339813
0.0287780761719
0.0311028957367
0.0340700149536
0.0296609401703
0.0296759605408
0.0242910385132
0.0287210941315
0.0286190509796
0.0365269184113
0.0282561779022
0.0256881713867
0.0279710292816
0.0268099308014
0.0387489795685
0.0228750705719
0.0263831615448
0.0292499065399
0.0288891792297
0.0285048484802
0.0366158485413
0.0313868522644
0.0266540050507
0.0267739295959
0.0265688896179
0.0242929458618
0.0264258384705
0.0274579524994
0.0249781608582
0.028617143631
0.0328891277313
0.032438993454
0.0363810062408
0.0450341701508
0.0337679386139
0.0343070030212
0.0285539627075
0.0302269458771
0.0273129940033
0.0307319164276
0.0317120552063
0.0313458442688
0.0392248630524
0.0412859916687
0.0328068733215
0.029807806015
0.0256021022797
0.0422270298004
0.0299201011658
0.0321400165558
0.0324618816376
0.032772064209
0.027587890625
0.027186870575
0.0315690040588
0.028578042984
0.0294981002808
0.0302050113678
0.0401191711426
0.0298688411713
0.0267431735992
0.0299110412598
0.0268499851227
0.0337820053101
0.032674074173
0.0343418121338
0.028981924057
0.0293970108032
0.0274329185486
0.0354521274567
0.0336930751801
0.0406420230865
0.0266070365906
0.0256369113922
0.0311760902405
0.0321078300476
0.0321640968323
0.0255119800568
0.027214050293
0.0369300842285
