0.0129718780518
0.0127000808716
0.0121688842773
0.0138120651245
0.0126090049744
0.0120031833649
0.0142810344696
0.0152471065521
0.013120174408
0.013219833374
0.0120029449463
0.0127258300781
0.0125021934509
0.0123648643494
0.012265920639
0.012130022049
0.012913942337
0.0138790607452
0.0119540691376
0.0135138034821
0.0112459659576
0.0126080513
0.0135838985443
0.0138611793518
0.0130798816681
0.0121729373932
0.0114030838013
0.012542963028
0.0147650241852
0.0122148990631
0.0125091075897
0.0120370388031
0.0113761425018
0.0130319595337
0.0142788887024
0.0128479003906
0.0120069980621
0.0119550228119
0.0148599147797
0.0120959281921
0.0150799751282
0.0180809497833
0.0166590213776
0.0115110874176
0.0124890804291
0.0117158889771
0.012106180191
0.0134990215302
0.0127971172333
0.012069940567
0.0116999149323
0.0117242336273
0.0128979682922
0.0131738185883
0.0121150016785
0.0163900852203
0.0158588886261
0.0115840435028
0.0125000476837
0.0115149021149
0.0128471851349
0.0109710693359
0.013542175293
0.0112438201904
0.0124411582947
0.0119960308075
0.0128109455109
0.0144629478455
0.0118918418884
0.0151870250702
0.0122561454773
0.011570930481
0.0113971233368
0.0118539333344
0.0125768184662
0.0127160549164
0.0125081539154
0.0150680541992
0.0168030261993
0.0203688144684
0.0150480270386
0.0119030475616
0.0189390182495
0.0112729072571
0.0181391239166
0.0129261016846
0.012825012207
0.0141179561615
0.0241758823395
0.0111207962036
0.0155010223389
0.0164558887482
0.0165951251984
0.0138869285583
0.0138649940491
0.0120031833649
0.0150830745697
0.0115790367126
0.01624584198
0.0117259025574
0.0157339572906
