
48 26 26 26 26 2 26 26 26 26 2 
48 26 26 26 26 2 26 26 26 26 2 
2 1 3 
48 26 26 26 26 2 26 26 26 26 2 
48 26 26 26 26 2 26 26 26 26 2 
2 1 3 
2 1 3 
2 1 3 
48 26 26 26 26 2 26 26 26 26 2 
48 26 26 26 26 2 26 26 26 26 2 

2 3 
48 26 26 26 26 2 26 26 26 26 2 
2 1 3 
48 26 26 26 26 2 26 26 26 26 2 
48 26 26 26 26 2 26 26 26 26 2 
48 26 26 26 26 2 26 26 26 26 2 
48 26 26 26 26 2 26 26 26 26 2 
2 3 
48 26 26 26 26 2 26 26 26 26 2 
48 26 26 26 26 2 26 26 26 26 2 
48 26 26 26 26 2 26 26 26 26 2 
48 26 26 26 26 2 26 26 26 26 2 
2 1 3 
48 27 27 27 27 2 
48 26 26 26 26 2 26 26 26 26 2 
48 26 26 26 26 2 26 26 26 26 2 
48 26 26 26 26 2 26 26 26 26 2 
48 26 26 26 26 2 26 26 26 26 2 

48 26 26 26 26 2 26 26 26 26 2 
2 2 
48 26 26 26 26 2 26 26 26 26 2 
2 2 
2 1 4 

48 26 26 26 26 2 26 26 26 26 2 
2 2 
2 1 3 
2 2 
48 26 26 26 26 2 26 26 26 26 2 

2 2 
48 26 26 26 26 2 26 26 26 26 2 
48 26 26 26 26 2 26 26 26 26 2 
48 26 26 26 26 2 26 26 26 26 2 
48 26 26 26 26 2 26 26 26 26 2 
48 26 26 26 26 2 26 26 26 26 2 
48 26 26 26 26 2 26 26 26 26 2 
48 26 26 26 26 2 26 26 26 26 2 