
88 46 46 46 46 46 46 46 46 46 2 46 46 46 46 46 46 46 46 46 2 
2 4 
88 46 46 46 46 46 46 46 46 46 2 46 46 46 46 46 46 46 46 46 2 
88 47 47 47 46 46 46 46 46 2 46 
2 3 
2 2 3 
2 2 
1 1 
88 46 46 46 46 46 46 46 46 46 2 46 46 46 46 46 46 46 46 46 2 
2 1 3 
2 1 
2 3 
88 46 46 46 46 46 46 46 46 46 2 46 46 46 46 46 46 46 46 46 2 
2 4 
2 3 
2 1 
2 1 3 
2 3 
1 3 
1 
88 46 46 46 46 46 46 46 46 46 2 46 46 46 46 46 46 46 46 46 2 
2 1 3 
88 46 46 46 46 46 46 46 46 46 2 46 46 46 46 46 46 46 46 46 2 

2 2 
88 46 46 46 46 46 46 46 46 46 2 46 46 46 46 46 46 46 46 46 2 
2 1 3 
2 2 
88 46 46 46 46 46 46 46 46 46 2 46 46 46 46 46 46 46 46 46 2 
3 1 4 
88 46 46 46 46 46 46 46 46 46 2 46 46 46 46 46 46 46 46 46 2 
2 2 
88 46 46 46 46 46 46 46 46 46 2 46 46 46 46 46 46 46 46 46 2 

2 1 3 
2 1 3 

2 2 
88 47 47 47 47 47 47 47 47 47 2 
88 46 46 46 46 46 46 46 46 46 2 46 46 46 46 46 46 46 46 46 2 
88 46 46 46 46 46 46 46 46 46 2 46 46 46 46 46 46 46 46 46 2 
2 2 

2 1 3 
2 1 3 
88 46 46 46 46 46 46 46 46 46 2 46 46 46 46 46 46 46 46 46 2 
2 2 
88 47 47 48 49 49 49 48 48 
88 46 46 46 46 46 46 46 46 46 2 46 46 46 46 46 46 46 46 46 2 
88 46 46 46 46 46 46 46 46 46 2 46 46 46 46 46 46 46 46 46 2 