
40 23 23 2 22 
40 22 22 22 2 22 22 22 2 
40 22 22 22 2 22 22 22 2 
40 22 22 22 2 22 22 22 2 
40 22 22 22 2 22 22 22 2 
40 22 22 22 2 22 22 22 2 
40 22 22 22 2 22 22 22 2 

40 22 22 22 2 22 22 22 2 
40 22 22 22 2 22 22 22 2 
40 22 22 22 2 22 22 22 2 

40 22 22 22 2 22 22 22 2 
2 1 3 
1 3 2 
2 1 3 
40 22 22 22 2 22 22 22 2 
40 22 22 22 2 22 22 22 2 
40 22 22 22 2 22 22 22 2 
40 22 22 22 2 22 22 22 2 
2 1 3 
40 22 22 22 2 22 22 22 2 
40 22 22 22 2 22 22 22 2 
40 22 22 22 2 22 22 22 2 
40 22 22 22 2 22 22 22 2 
40 22 22 2 22 22 22 22 2 
40 22 22 22 2 22 22 22 2 

2 1 3 
40 22 22 22 2 22 22 22 2 
40 22 22 22 2 22 22 22 2 
40 22 22 22 2 22 22 22 2 
40 22 22 22 2 22 22 22 2 
2 3 
40 22 22 22 2 22 22 22 2 
40 22 22 22 2 22 22 22 2 
40 22 22 22 2 22 22 22 2 

40 22 22 22 2 22 22 22 2 
40 22 22 22 2 22 22 22 2 
2 2 
40 22 22 22 2 22 22 22 2 
40 22 22 22 2 22 22 22 2 
40 22 22 22 2 22 22 22 2 
2 3 
2 1 3 
40 22 22 22 2 22 22 22 2 
40 22 22 22 2 22 22 22 2 
2 1 3 
40 22 22 22 2 22 22 22 2 