
2 1 4 
96 50 50 50 50 50 50 50 50 50 50 2 50 50 50 50 50 50 50 50 50 50 2 
2 3 
2 2 
96 51 50 50 50 50 50 50 50 2 50 50 
2 1 3 
96 50 50 50 50 50 50 50 50 50 50 2 50 50 50 50 50 50 50 50 50 50 2 
96 51 51 51 51 51 51 51 51 50 50 2 
2 1 3 
2 1 3 
2 1 3 
96 50 50 50 50 50 50 50 50 50 50 2 50 50 50 50 50 50 50 50 50 50 2 

96 50 50 50 50 50 50 50 50 50 50 2 50 50 50 50 50 50 50 50 50 50 2 
96 50 50 50 50 50 50 50 50 50 50 2 50 50 50 50 50 50 50 50 50 50 2 
96 50 50 50 50 50 50 50 50 50 50 2 50 50 50 50 50 50 50 50 50 50 2 
2 1 3 
96 50 50 50 50 50 50 50 50 50 50 2 50 50 50 50 50 50 50 50 50 50 2 
96 50 50 50 50 50 50 50 50 50 50 2 50 50 50 50 50 50 50 50 50 50 2 
1 1 3 
2 1 3 
2 2 
2 2 
2 1 3 
96 51 51 51 51 51 51 51 50 50 50 2 51 51 51 51 51 51 50 50 50 50 2 
96 50 50 50 50 50 50 50 50 50 50 2 50 50 50 50 50 50 50 50 50 50 2 
2 3 

2 1 3 
2 2 
96 50 50 50 50 50 50 50 50 50 50 2 50 50 50 50 50 50 50 50 50 50 2 
1 1 
2 2 
2 2 
2 1 3 
96 51 51 51 51 51 51 50 50 50 50 2 
2 1 
96 50 50 50 50 50 50 50 50 50 50 2 50 50 50 50 50 50 50 50 50 50 2 
2 1 3 

96 50 50 50 50 50 50 50 50 50 50 2 50 50 50 50 50 50 50 50 50 50 2 
96 51 50 50 50 50 50 50 50 50 50 2 
2 1 3 
2 3 
2 2 

96 50 50 50 50 50 50 50 50 50 50 2 50 50 50 50 50 50 50 50 50 50 2 
2 1 3 
2 2 
2 2 