
2 1 3 
2 2 
64 35 35 34 34 34 34 2 
2 3 
2 1 3 
2 3 
64 34 34 34 34 34 34 2 34 34 34 34 34 34 2 
2 1 3 
64 34 34 34 34 34 34 2 34 34 34 34 34 34 2 
64 34 34 34 34 34 34 2 34 34 34 34 34 34 2 
64 34 34 34 34 34 34 2 34 34 34 34 34 34 2 
64 34 34 34 34 34 34 2 34 34 34 34 34 34 2 
64 34 34 34 34 34 34 2 34 34 34 34 34 34 2 
64 35 35 35 35 34 34 2 
64 34 34 34 34 34 34 2 34 34 34 34 34 34 2 

2 1 3 
2 4 
64 34 34 34 34 34 34 2 34 34 34 34 34 34 2 

2 3 
64 34 34 34 34 34 34 2 34 34 34 34 34 34 2 
2 1 3 
2 1 3 
2 2 

2 2 
64 34 34 34 34 34 34 2 34 34 34 34 34 34 2 
64 34 34 34 34 34 34 2 34 34 34 34 34 34 2 
64 34 34 34 34 34 34 2 34 34 34 34 34 34 2 
64 34 34 34 34 34 34 2 34 34 34 34 34 34 2 
2 1 
64 34 34 34 34 34 34 2 34 34 34 34 34 34 2 
64 34 34 34 34 34 34 2 34 34 34 34 34 34 2 
2 1 3 
2 2 
64 34 34 34 34 34 34 2 34 34 34 34 34 34 2 
1 
2 2 
64 34 34 34 34 34 34 2 34 34 34 34 34 34 2 
2 3 
64 34 34 34 34 34 34 2 34 34 34 34 34 34 2 
64 35 35 34 34 34 2 34 
64 34 34 34 34 34 34 2 34 34 34 34 34 34 2 
2 2 
64 34 34 34 34 34 34 2 34 34 34 34 34 34 2 
2 2 
2 1 3 
64 34 34 34 34 34 34 2 34 34 34 34 34 34 2 
2 1 3 