
2 2 
32 18 18 2 18 18 2 
2 1 
32 18 18 2 18 18 2 
32 18 18 2 18 18 2 
32 18 18 2 18 18 2 
2 1 3 
32 18 18 2 18 18 2 
32 18 18 2 18 18 2 
32 18 18 2 18 18 2 
32 18 18 2 18 18 2 
32 18 18 2 18 18 2 
1 1 
32 18 18 2 18 18 2 
32 18 18 2 18 18 2 
32 18 18 2 18 18 2 
32 18 18 2 18 18 2 
32 18 18 2 18 18 2 
32 18 18 2 18 18 2 
2 2 
32 18 18 2 18 18 2 
32 18 18 2 18 18 2 
32 18 18 2 18 18 2 
2 3 
32 18 18 2 18 18 2 
32 18 18 2 18 18 2 
32 18 18 2 18 18 2 
32 18 18 2 18 18 2 
32 18 18 2 18 18 2 
2 1 3 
32 18 18 2 18 18 2 
32 18 18 2 18 18 2 
2 1 4 
32 18 18 2 18 18 2 
32 18 18 2 18 18 2 
32 18 18 2 18 18 2 
2 1 3 
32 19 2 19 
2 1 3 
32 18 18 2 18 18 2 
32 18 18 2 18 18 2 
32 18 18 2 18 18 2 
32 18 18 2 18 18 2 
32 18 18 2 18 18 2 
32 18 18 2 18 18 2 
2 1 3 

32 18 18 2 18 18 2 
2 2 
32 18 18 2 18 18 2 