
56 30 30 30 30 30 2 30 30 30 30 30 2 
56 30 30 30 30 30 2 30 30 30 30 30 2 
56 30 30 30 30 30 2 30 30 30 30 30 2 
56 30 30 30 30 30 2 30 30 30 30 30 2 
3 1 4 

56 30 30 30 30 30 2 30 30 30 30 30 2 
2 1 3 
1 
2 1 3 
2 3 
2 1 3 
2 3 
56 30 30 30 30 30 2 30 30 30 30 30 2 
56 30 30 30 30 30 2 30 30 30 30 30 2 
1 1 
2 2 
56 30 30 30 30 30 2 30 30 30 30 30 2 
56 30 30 30 30 30 2 30 30 30 30 30 2 
56 30 30 30 30 30 2 30 30 30 30 30 2 
56 30 30 30 30 30 2 30 30 30 30 30 2 
56 30 30 30 30 30 2 30 30 30 30 30 2 
56 30 30 30 30 30 2 30 30 30 30 30 2 
56 30 30 30 30 30 2 30 30 30 30 30 2 
56 30 30 30 30 30 2 30 30 30 30 30 2 
56 30 30 30 30 2 30 30 30 30 30 2 30 
56 30 30 30 30 30 2 30 30 30 30 30 2 
1 3 2 
2 1 3 
2 3 
2 2 
56 30 30 30 30 30 2 30 30 30 30 30 2 
2 1 3 
2 3 
56 30 30 30 30 30 2 30 30 30 30 30 2 
56 30 30 30 30 30 2 30 30 30 30 30 2 
2 1 3 
56 30 30 30 30 30 2 30 30 30 30 30 2 
56 30 30 30 30 30 2 30 30 30 30 2 30 
56 30 30 30 30 30 2 30 30 30 30 30 2 
56 30 30 30 30 30 2 30 30 30 30 30 2 
56 30 30 30 30 30 2 30 30 30 30 30 2 
56 30 30 30 30 30 2 30 30 30 30 30 2 
56 30 30 30 30 30 2 30 30 30 30 30 2 
56 30 30 30 30 30 2 30 30 30 30 30 2 
56 30 30 30 30 30 2 30 30 30 30 30 2 
2 1 4 
56 30 30 30 30 30 2 30 30 30 30 30 2 
2 2 
56 30 30 30 30 30 2 30 30 30 30 30 2 