
80 42 42 42 42 42 42 42 42 2 42 42 42 42 42 42 42 42 2 

80 42 42 42 42 42 42 42 42 2 42 42 42 42 42 42 42 42 2 
2 3 
1 3 2 
80 42 42 42 42 42 42 42 42 2 42 42 42 42 42 42 42 42 2 
2 3 
2 1 
2 3 
80 42 42 42 42 42 42 42 42 2 42 42 42 42 42 42 42 42 2 
2 3 
80 42 42 42 42 42 42 42 42 2 42 42 42 42 42 42 42 42 2 
2 3 
80 42 42 42 42 42 42 42 42 2 42 42 42 42 42 42 42 42 2 
2 3 
2 1 3 
80 42 42 42 42 42 42 42 42 2 42 42 42 42 42 42 42 42 2 
2 3 
80 42 42 42 42 42 42 42 42 2 42 42 42 42 42 42 42 42 2 
1 1 
2 3 
2 3 
80 42 42 42 42 42 42 42 42 2 42 42 42 42 42 42 42 42 2 
80 42 42 42 42 42 42 42 42 2 42 42 42 42 42 42 42 42 2 
80 42 42 42 42 42 42 42 42 2 42 42 42 42 42 42 42 42 2 
80 42 42 42 42 42 42 42 42 2 42 42 42 42 42 42 42 42 2 
80 42 42 42 42 42 42 42 42 2 42 42 42 42 42 42 42 42 2 
80 42 42 42 42 42 42 42 42 2 42 42 42 42 42 42 42 42 2 
2 2 
2 1 3 
80 42 42 42 42 42 42 42 2 42 42 42 42 42 42 42 42 42 2 
80 43 43 43 42 42 42 42 42 2 
80 42 42 42 42 42 42 42 42 2 42 42 42 42 42 42 42 42 2 
2 2 
80 42 42 42 42 42 42 42 42 2 42 42 42 42 42 42 42 42 2 
80 42 42 42 42 42 42 42 42 2 42 42 42 42 42 42 42 42 2 
80 42 42 42 42 42 42 42 42 2 42 42 42 42 42 42 42 42 2 
80 42 42 42 42 42 42 42 42 2 42 42 42 42 42 42 42 42 2 
2 1 3 
2 2 
2 2 
2 2 
2 1 3 
2 3 
80 42 42 42 42 42 42 42 42 2 42 42 42 42 42 42 42 42 2 

1 
2 2 
80 42 42 42 42 42 42 42 42 2 42 42 42 42 42 42 42 42 2 
80 42 42 42 42 42 42 42 42 2 42 42 42 42 42 42 42 42 2 