
24 14 2 14 2 
24 14 2 14 2 
24 14 2 14 2 
24 14 2 14 2 
24 14 2 14 2 
24 14 2 14 2 
24 14 2 14 2 
24 14 2 14 2 
24 14 2 14 2 
24 14 2 14 2 
24 14 2 14 2 
24 14 2 14 2 
24 14 2 14 2 
2 1 
24 14 2 14 2 
24 14 2 14 2 
24 14 2 14 2 
24 14 2 14 2 
24 14 2 14 2 
24 14 2 14 2 
24 14 2 14 2 
24 14 2 14 2 
24 14 2 14 2 
2 1 3 
24 2 15 
2 1 3 
24 14 2 14 2 
2 1 3 
1 
24 14 2 14 2 
24 14 2 14 2 
24 14 2 14 2 
24 14 2 14 2 
24 3 15 
24 14 2 14 2 
24 14 2 14 2 
24 14 2 14 2 
24 14 2 14 2 
2 3 
24 14 2 14 2 
2 2 
24 14 2 14 2 
2 3 
24 14 2 14 2 
24 14 2 14 2 
24 14 2 14 2 
24 14 2 14 2 
24 14 2 14 2 
2 1 3 
24 14 2 14 2 