
2 1 
72 38 38 38 38 38 38 38 2 38 38 38 38 38 38 38 2 
72 38 38 38 38 38 38 38 2 38 38 38 38 38 38 38 2 
2 3 
72 38 38 38 38 38 38 2 38 38 38 38 38 38 38 38 2 
2 3 
2 2 
72 38 38 38 38 38 38 38 2 38 38 38 38 38 38 38 2 
2 1 3 
2 2 
2 1 3 
72 38 38 38 38 38 38 38 2 38 38 38 38 38 38 38 2 
72 38 38 38 38 38 38 38 2 38 38 38 38 38 38 2 38 
72 38 38 38 38 38 38 38 2 38 38 38 38 38 38 38 2 
72 38 38 38 38 38 38 38 2 38 38 38 38 38 38 38 2 
2 2 
72 38 38 38 38 38 38 38 2 38 38 38 38 38 38 38 2 
2 1 3 
2 3 
2 1 3 

72 38 38 38 38 38 38 38 2 38 38 38 38 38 38 38 2 
72 38 38 38 38 38 38 38 2 38 38 38 38 38 38 38 2 
72 38 38 38 38 38 38 38 2 38 38 38 38 38 38 38 2 
72 38 38 38 38 38 38 38 2 38 38 38 38 38 38 2 38 
2 2 

2 2 
72 38 38 38 38 38 38 38 2 38 38 38 38 38 38 38 2 
72 38 38 38 38 38 38 38 2 38 38 38 38 38 38 38 2 
2 1 3 
72 38 38 38 38 38 38 38 2 38 38 38 38 38 38 38 2 
2 1 3 
2 1 3 
2 1 3 
2 3 

72 38 38 38 38 38 38 38 2 38 38 38 38 38 38 38 2 
2 3 
72 38 38 38 38 38 38 2 38 38 38 38 38 38 38 38 2 
72 38 38 38 38 38 38 38 2 38 38 38 38 38 38 38 2 
2 1 3 
72 38 38 38 38 38 38 38 2 38 38 38 38 38 38 38 2 
2 2 
72 39 39 39 39 38 38 38 2 
2 1 3 
72 38 38 38 38 38 38 38 2 38 38 38 38 38 38 38 2 

2 1 5 
72 39 39 39 39 39 39 39 3 